  3.5269000e+001  3.0000000e+001
  3.5339000e+001  3.0000000e+001
  3.5410000e+001  3.0000000e+001
  3.5424000e+001  3.0000000e+001
  3.5439000e+001  3.0000000e+001
  3.5432000e+001  3.0000000e+001
  3.5389000e+001  3.0000000e+001
  3.5396000e+001  3.0000000e+001
  3.5403000e+001  3.0000000e+001
  3.5410000e+001  3.0000000e+001
  3.5502000e+001  3.0000000e+001
  3.5481000e+001  3.0000000e+001
  3.5474000e+001  3.0000000e+001
  3.5460000e+001  3.0000000e+001
  3.5432000e+001  3.0000000e+001
  3.5368000e+001  3.0000000e+001
  3.5375000e+001  3.0000000e+001
  3.5375000e+001  3.0000000e+001
  3.5347000e+001  3.0000000e+001
  3.5382000e+001  3.0000000e+001
  3.5453000e+001  3.0000000e+001
  3.5531000e+001  3.0000000e+001
  3.5580000e+001  3.0000000e+001
  3.5524000e+001  3.0000000e+001
  3.5403000e+001  3.0000000e+001
  3.5439000e+001  1.0000000e+001
  3.5410000e+001  1.0000000e+001
  3.5396000e+001  1.0000000e+001
  3.5417000e+001  1.0000000e+001
  3.5481000e+001  1.0000000e+001
  3.5446000e+001  1.0000000e+001
  3.5403000e+001  1.0000000e+001
  3.5106000e+001  1.0000000e+001
  3.4553000e+001  1.0000000e+001
  3.3966000e+001  1.0000000e+001
  3.3413000e+001  1.0000000e+001
  3.2953000e+001  1.0000000e+001
  3.2507000e+001  1.0000000e+001
  3.2053000e+001  1.0000000e+001
  3.1756000e+001  1.0000000e+001
  3.1459000e+001  1.0000000e+001
  3.1161000e+001  1.0000000e+001
  3.0920000e+001  1.0000000e+001
  3.0729000e+001  1.0000000e+001
  3.0588000e+001  1.0000000e+001
  3.0460000e+001  1.0000000e+001
  3.0290000e+001  1.0000000e+001
  3.0156000e+001  1.0000000e+001
  2.9979000e+001  1.0000000e+001
  2.9780000e+001  1.0000000e+001
  2.9674000e+001  5.0000000e+001
  2.9603000e+001  5.0000000e+001
  2.9504000e+001  5.0000000e+001
  2.9440000e+001  5.0000000e+001
  2.9405000e+001  5.0000000e+001
  2.9391000e+001  5.0000000e+001
  2.9554000e+001  5.0000000e+001
  3.0439000e+001  5.0000000e+001
  3.1522000e+001  5.0000000e+001
  3.2535000e+001  5.0000000e+001
  3.3420000e+001  5.0000000e+001
  3.4369000e+001  5.0000000e+001
  3.5127000e+001  5.0000000e+001
  3.5800000e+001  5.0000000e+001
  3.6402000e+001  5.0000000e+001
  3.6961000e+001  5.0000000e+001
  3.7421000e+001  5.0000000e+001
  3.7931000e+001  5.0000000e+001
  3.8307000e+001  5.0000000e+001
  3.8668000e+001  5.0000000e+001
  3.8902000e+001  5.0000000e+001
  3.9185000e+001  5.0000000e+001
  3.9447000e+001  5.0000000e+001
  3.9546000e+001  5.0000000e+001
  3.9695000e+001  5.0000000e+001
  3.9872000e+001  1.0000000e+001
  3.9999000e+001  1.0000000e+001
  4.0113000e+001  1.0000000e+001
  4.0268000e+001  1.0000000e+001
  4.0290000e+001  1.0000000e+001
  4.0368000e+001  1.0000000e+001
  4.0190000e+001  1.0000000e+001
  3.9581000e+001  1.0000000e+001
  3.8484000e+001  1.0000000e+001
  3.7478000e+001  1.0000000e+001
  3.6600000e+001  1.0000000e+001
  3.5771000e+001  1.0000000e+001
  3.5049000e+001  1.0000000e+001
  3.4398000e+001  1.0000000e+001
  3.3852000e+001  1.0000000e+001
  3.3328000e+001  1.0000000e+001
  3.2854000e+001  1.0000000e+001
  3.2379000e+001  1.0000000e+001
  3.2018000e+001  1.0000000e+001
  3.1685000e+001  1.0000000e+001
  3.1381000e+001  1.0000000e+001
  3.1154000e+001  1.0000000e+001
  3.0956000e+001  1.0000000e+001
  3.0793000e+001  1.0000000e+001
  3.0609000e+001  1.0000000e+001
  3.0488000e+001  5.0000000e+001
  3.0361000e+001  5.0000000e+001
  3.0248000e+001  5.0000000e+001
  3.0120000e+001  5.0000000e+001
  3.0056000e+001  5.0000000e+001
  2.9964000e+001  5.0000000e+001
  3.0092000e+001  5.0000000e+001
  3.0878000e+001  5.0000000e+001
  3.1841000e+001  5.0000000e+001
  3.2719000e+001  5.0000000e+001
  3.3604000e+001  5.0000000e+001
  3.4560000e+001  5.0000000e+001
  3.5332000e+001  5.0000000e+001
  3.5970000e+001  5.0000000e+001
  3.6593000e+001  5.0000000e+001
  3.7089000e+001  5.0000000e+001
  3.7563000e+001  5.0000000e+001
  3.8031000e+001  5.0000000e+001
  3.8342000e+001  5.0000000e+001
  3.8703000e+001  5.0000000e+001
  3.8965000e+001  5.0000000e+001
  3.9234000e+001  5.0000000e+001
  3.9411000e+001  5.0000000e+001
  3.9596000e+001  5.0000000e+001
  3.9794000e+001  5.0000000e+001
  3.9936000e+001  1.0000000e+001
  4.0070000e+001  1.0000000e+001
  4.0205000e+001  1.0000000e+001
  4.0332000e+001  1.0000000e+001
  4.0438000e+001  1.0000000e+001
  4.0651000e+001  1.0000000e+001
  4.0431000e+001  1.0000000e+001
  3.9780000e+001  1.0000000e+001
  3.8838000e+001  1.0000000e+001
  3.7931000e+001  1.0000000e+001
  3.6912000e+001  1.0000000e+001
  3.6133000e+001  1.0000000e+001
  3.5453000e+001  1.0000000e+001
  3.4808000e+001  1.0000000e+001
  3.4199000e+001  1.0000000e+001
  3.3626000e+001  1.0000000e+001
  3.3151000e+001  1.0000000e+001
  3.2684000e+001  1.0000000e+001
  3.2351000e+001  1.0000000e+001
  3.2018000e+001  1.0000000e+001
  3.1699000e+001  1.0000000e+001
  3.1430000e+001  1.0000000e+001
  3.1211000e+001  1.0000000e+001
  3.1027000e+001  1.0000000e+001
  3.0885000e+001  1.0000000e+001
  3.0715000e+001  1.0000000e+001
  3.0566000e+001  1.0000000e+001
  3.0446000e+001  1.0000000e+001
  3.0304000e+001  1.0000000e+001
  3.0177000e+001  1.0000000e+001
  3.0042000e+001  1.0000000e+001
  2.9943000e+001  1.0000000e+001
  2.9844000e+001  1.0000000e+001
  2.9794000e+001  1.0000000e+001
  2.9716000e+001  1.0000000e+001
  2.9646000e+001  1.0000000e+001
  2.9589000e+001  1.0000000e+001
  2.9561000e+001  1.0000000e+001
  2.9532000e+001  1.0000000e+001
  2.9497000e+001  1.0000000e+001
  2.9440000e+001  1.0000000e+001
  2.9447000e+001  1.0000000e+001
  2.9433000e+001  1.0000000e+001
  2.9405000e+001  1.0000000e+001
  2.9384000e+001  1.0000000e+001
  2.9369000e+001  1.0000000e+001
  2.9369000e+001  1.0000000e+001
  2.9348000e+001  1.0000000e+001
  2.9334000e+001  1.0000000e+001
  2.9320000e+001  1.0000000e+001
  2.9320000e+001  5.0000000e+001
  2.9299000e+001  5.0000000e+001
  2.9320000e+001  5.0000000e+001
  2.9284000e+001  5.0000000e+001
  2.9242000e+001  5.0000000e+001
  2.9235000e+001  5.0000000e+001
  2.9377000e+001  5.0000000e+001
  3.0120000e+001  5.0000000e+001
  3.1168000e+001  5.0000000e+001
  3.2301000e+001  5.0000000e+001
  3.3293000e+001  5.0000000e+001
  3.4178000e+001  5.0000000e+001
  3.4950000e+001  5.0000000e+001
  3.5708000e+001  5.0000000e+001
  3.6288000e+001  5.0000000e+001
  3.6805000e+001  5.0000000e+001
  3.7301000e+001  5.0000000e+001
  3.7733000e+001  5.0000000e+001
  3.8151000e+001  5.0000000e+001
  3.8583000e+001  5.0000000e+001
  3.8810000e+001  5.0000000e+001
  3.9185000e+001  5.0000000e+001
  3.9433000e+001  5.0000000e+001
  3.9709000e+001  5.0000000e+001
  3.9971000e+001  5.0000000e+001
  4.0148000e+001  5.0000000e+001
  4.0297000e+001  5.0000000e+001
  4.0460000e+001  5.0000000e+001
  4.0651000e+001  5.0000000e+001
  4.0821000e+001  5.0000000e+001
  4.0899000e+001  5.0000000e+001
  4.0927000e+001  5.0000000e+001
  4.0955000e+001  5.0000000e+001
  4.1026000e+001  5.0000000e+001
  4.1047000e+001  5.0000000e+001
  4.1175000e+001  5.0000000e+001
  4.1054000e+001  5.0000000e+001
  4.1139000e+001  5.0000000e+001
  4.1203000e+001  5.0000000e+001
  4.1331000e+001  5.0000000e+001
  4.1352000e+001  5.0000000e+001
  4.1401000e+001  5.0000000e+001
  4.1515000e+001  5.0000000e+001
  4.1494000e+001  5.0000000e+001
  4.1543000e+001  5.0000000e+001
  4.1550000e+001  5.0000000e+001
  4.1508000e+001  5.0000000e+001
  4.1494000e+001  5.0000000e+001
  4.1508000e+001  5.0000000e+001
  4.1486000e+001  5.0000000e+001
  4.1501000e+001  3.0000000e+001
  4.1501000e+001  3.0000000e+001
  4.1543000e+001  3.0000000e+001
  4.1465000e+001  3.0000000e+001
  4.1486000e+001  3.0000000e+001
  4.1451000e+001  3.0000000e+001
  4.1359000e+001  3.0000000e+001
  4.0927000e+001  3.0000000e+001
  4.0396000e+001  3.0000000e+001
  3.9978000e+001  3.0000000e+001
  3.9560000e+001  3.0000000e+001
  3.9149000e+001  3.0000000e+001
  3.8774000e+001  3.0000000e+001
  3.8434000e+001  3.0000000e+001
  3.8151000e+001  3.0000000e+001
  3.7853000e+001  3.0000000e+001
  3.7606000e+001  3.0000000e+001
  3.7492000e+001  3.0000000e+001
  3.7337000e+001  3.0000000e+001
  3.7174000e+001  3.0000000e+001
  3.7032000e+001  3.0000000e+001
  3.6897000e+001  3.0000000e+001
  3.6812000e+001  3.0000000e+001
  3.6699000e+001  3.0000000e+001
  3.6579000e+001  3.0000000e+001
  3.6494000e+001  3.0000000e+001
  3.6437000e+001  3.0000000e+001
  3.6465000e+001  3.0000000e+001
  3.6366000e+001  3.0000000e+001
  3.6303000e+001  3.0000000e+001
  3.6253000e+001  3.0000000e+001
  3.6196000e+001  3.0000000e+001
  3.6189000e+001  3.0000000e+001
  3.6161000e+001  3.0000000e+001
  3.6182000e+001  3.0000000e+001
  3.6147000e+001  3.0000000e+001
  3.6133000e+001  3.0000000e+001
  3.6041000e+001  3.0000000e+001
  3.5984000e+001  3.0000000e+001
  3.6026000e+001  3.0000000e+001
  3.5948000e+001  3.0000000e+001
  3.5941000e+001  3.0000000e+001
  3.5941000e+001  3.0000000e+001
  3.5977000e+001  3.0000000e+001
  3.5956000e+001  3.0000000e+001
  3.5913000e+001  3.0000000e+001
  3.5849000e+001  3.0000000e+001
  3.5828000e+001  3.0000000e+001
  3.5708000e+001  3.0000000e+001
  3.5686000e+001  3.0000000e+001
